14.202  35.9    153 1250.0                   
15.161  36.3    153 1117.9                       
16.120  37.1    153 1004.1                    
17.079  37.9    153  886.6                       
18.038  38.7    153  770.1                      
18.998  39.5    153  656.4                   
19.957  40.2    153  546.2                       
20.916  41.2    153  439.7                     
21.875  42.3    153  337.2                     
22.834  43.3    153  238.1                       
23.793  44.3    153  142.4                       
24.752  45.4    153   49.6                     
25.711  46.4    153    0.1                       

